2620977
8974083
4173336
5587951
6836079
3544203
1457912
8773586
198754
5445223
11453722
5978127
4512690
5242851
1588995
595202
5886562
2554698
1783173
5345124
3632248
3810877
5008342
1031637
8571914
2677763
2212652
3384885
2282005
6439946
3162279
15420315
3039734
5309760
3472556
3020427
5080433
9931643
4946833
9449706
5125360
6749868
1191828
12426833
9487140
5260061
17005649
1489507
9502324
9588942
1881608
5356452
3260917
2142386
2484838
15223773
1958979
1456633
8007296
6362444
1807839
4506329
3123610
7359298
5802800
4814658
13247721
12896030
7124359
7203653
3283855
2531639
642285
1388039
6095151
12409158
5002111
17089279
1537421
7086917
14579874
4043148
2120292
3855374
4969972
5331153
4701265
3468155
1105425
4909363
3602486
9887908
4067714
4928386
5813232
2150671
3221572
3223654
14507302
5133023
3756099
6191817
3733293
2120248
3205112
5463299
7925244
5225686
1907896
2329929
9740766
4331257
8032943
1642044
3777798
3039065
4832923
2691646
5009855
128369
1460931
1241073
4484815
8686380
4700637
7887721
5916707
7216117
595032
8258534
4837574
13890582
3134054
1866320
16587681
6572129
2650407
6878391
1417668
733893
3868367
10621616
6199518
1933881
539741
9689070
11410095
3437767
2243976
11815198
5551887
2848655
3963363
13355498
14504611
2215451
2168209
5324608
6740586
5465333
5551887
2848655
3963363
13355498
14504611
2215451
2168209
5324608
6740586
5465333
1062291
9288683
998373
13144392
4531851
11122804
164649
8267444
15734516
7267978
1587994
13539538
5806294
5257294
8309074
9832786
3879531
6596922
1258417
11695868
1587994
13539538
5806294
5257294
8309074
9832786
3879531
6596922
1258417
11695868
4731288
6895032
5938049
4347293
705884
15566359
5048976
4735621
5853300
1434942
6152553
4769053
9874925
4827542
1981820
9048814
395362
7332954
7016850
7251413
2713198
15844209
11358383
7147858
825046
6344128
5155691
12440969
16042942
5558604
2713198
15844209
11358383
7147858
825046
6344128
5155691
12440969
16042942
5558604
11608868
3326966
10423385
6041009
15862596
8348104
7775974
11261857
9935219
2567207
11608868
3326966
10423385
6041009
15862596
8348104
7775974
11261857
9935219
2567207
6328769
11086852
1728040
21708190
1051220
1173763
2422578
1140820
8230392
4697737
6328769
11086852
1728040
21708190
1051220
1173763
2422578
1140820
8230392
4697737
7968838
9412864
6424441
11797323
6957251
4316490
3502055
1264322
2133318
12066290
17591256
883598
7334132
1782682
4980557
4895539
9914281
11151489
1434820
8634367
10360649
10387373
3639178
517521
13015616
3065309
11878015
14234146
19343605
5117024
10360649
10387373
3639178
517521
13015616
3065309
11878015
14234146
19343605
5117024
10360649
10387373
3639178
517521
13015616
3065309
11878015
14234146
19343605
5117024
2024752
14091428
4938584
18525952
520544
17673640
3639388
10466299
10500210
4238080
3434361
8146485
4229249
6157022
3908232
7324754
3725138
2799179
2412642
2728221
5430231
2844969
4792657
6575748
11613238
8679391
10776455
1172860
3004472
5803030
11274135
7334740
16814782
6379498
14945175
8290265
14386529
3874141
5835237
7471964
8350627
14093364
2307443
3302564
7100925
6904077
6523384
2726645
3487668
3350634
1892667
6461892
2405734
3796513
11116420
6287939
2824810
3560412
11689006
9315916
4881416
5790231
221900
14092903
2088077
8553064
3042126
13217927
3695276
5754020
4881416
5790231
221900
14092903
2088077
8553064
3042126
13217927
3695276
5754020
4386661
18309851
7534731
817843
9181268
2550679
5195071
2321312
2651843
831388
8111946
7696933
4879341
5722600
5819384
6770650
15485839
12558112
3192276
2992755
8111946
7696933
4879341
5722600
5819384
6770650
15485839
12558112
3192276
2992755
15321825
5499642
7686891
9120890
4090127
2169528
2248442
11982539
5264995
8380402
8763837
3017198
2477484
1537353
2340295
5801306
14202663
21866581
481286
1822198
1306958
5793763
16518935
4204950
2399132
5311219
5516841
1104134
2487266
2323971
19273271
17708938
8144205
2309150
1821717
17152914
5449696
14763658
8605689
14215387
7139014
10002817
863144
3084842
4811884
5299997
12796344
13206184
7682111
2538351
7998443
1662079
16651079
2027578
1642846
13640714
18700834
2445613
6924366
10746810
7998443
1662079
16651079
2027578
1642846
13640714
18700834
2445613
6924366
10746810
11423600
1221312
2862140
5244792
9766578
7389969
3647470
9348509
6425889
11384711
11712988
5888982
2609954
6801105
2869353
3117150
3182674
16842796
6074669
19674142
8458125
5388292
18576811
11432754
2746201
1428880
2154971
5146515
9697586
222762
5993903
2139468
12250854
618398
5490232
17062828
2037639
7167567
7463008
5829648
6563105
10135748
7556310
10715990
4734996
1407126
14424449
5680423
1750751
4920763
5812906
7174705
1198431
3475597
8577301
10522063
6447087
1016247
3920517
138919
7014364
1118786
1771729
9927167
13854124
1984459
1287600
8875990
4300392
15074334
11832898
4972342
5881455
5858529
18769491
7753057
8356174
3322984
4714597
1885933
20558143
4527465
2604048
3553962
5556388
9201648
8113872
8137818
48560
5810921
7657257
13855854
6951192
10433181
1891370
3077130
6514453
7922980
2665959
11258586
17956814
5002379
8958769
12373823
14094073
8025195
2816494
3841063
13390266
5290023
12320378
2569155
571208
11721772
5050168
8615860
1254755
4028315
13541261
8016946
5193223
7909367
10459469
6609656
5812235
6886684
6042680
5038502
2862543
2045436
5193223
7909367
10459469
6609656
5812235
6886684
6042680
5038502
2862543
2045436
3246092
6366194
1571252
15220090
945306
8553799
2513437
6285762
8187412
1872079
4847104
5801384
1341133
3665728
2521583
19916663
12853343
3399280
764661
12164331
1280835
2361561
7572110
3769693
10697928
2136765
8245744
18959119
5644571
5584077
2332079
2077172
8938925
9376931
13907641
1011305
6709397
10264592
17326758
9300413
1426343
6215554
11580182
7954887
2638594
11247217
9372211
5805506
11436953
17029859
1426343
6215554
11580182
7954887
2638594
11247217
9372211
5805506
11436953
17029859
3375704
1404214
13330045
14900436
11382272
8869430
10682996
10557628
3050458
15417099
3375704
1404214
13330045
14900436
11382272
8869430
10682996
10557628
3050458
15417099
9487209
2911863
6713815
11655367
13049583
1788541
4324231
4037059
6359005
1224294
6320188
11404860
6884269
6935890
3945824
5677342
9961303
10304897
13892726
19550036
6975535
12367547
6103316
14192058
2068748
10174377
5135714
6258215
13910074
7711519
5807188
1129056
5791381
17471170
1022567
4850723
4217033
2783763
1083759
15066308
6024866
5283594
15616191
2352998
5817177
3068913
2571438
12901072
10824130
2956192
6024866
5283594
15616191
2352998
5817177
3068913
2571438
12901072
10824130
2956192
6024866
5283594
15616191
2352998
5817177
3068913
2571438
12901072
10824130
2956192
6024866
5283594
15616191
2352998
5817177
3068913
2571438
12901072
10824130
2956192
2949387
3596892
5838899
5808996
17610693
3099954
11684696
5806987
11137179
10638468
9172320
18174206
1609360
11087121
6794653
5558919
11761133
3024420
16044454
10936540
2822851
8257695
3629635
16084079
2881387
5520649
5866652
12473568
16653161
5823557
11619931
948222
5455245
653766
2942468
18575699
10402138
2900939
2146160
833642
3492428
7109621
4050806
1896875
19927657
5402473
7561864
3318290
3450398
6771946
13975481
6704101
5842739
14817151
6829156
6103508
4075071
8597796
8063210
3649630
18070632
11847691
3484465
375037
19961294
10632075
14231098
17622999
3799062
6359698
11682274
1439017
7122663
10446740
4738225
1499171
9487085
248998
3279886
10025967
7952540
4727356
7068139
5822349
10270080
6306026
12024504
4302947
5816503
8637217
6355257
8679127
1825583
3693659
8821684
6636249
13584639
15430289
10777082
11423969
17632848
2144304
18013300
17860660
2372803
11139993
5988489
10669617
5128877
3446647
11338931
4887618
5012844
8804574
3674759
4670120
2234372
1976552
6871274
17291055
9579863
1897906
9106745
10000000
7945111
5016993
8587721
2583889
12223203
5803613
2523834
18778700
13702154
1920922
8850199
4815880
1105798
4611176
2767909
7491407
6606696
6140754
15031850
7454404
5129535
18393395
7014373
12652796
11340494
11492693
6866724
16048355
4405730
4291642
5823299
12816435
5550561
386713
11712868
431037
8491379
3673845
16868910
3937322
7483127
3387298
2744240
18214962
1260921
4016530
5816065
3841928
4206927
5803475
5411973
3570744
9297581
941384
4119696
15936459
